v1<-c(2,34,5,2,1,34,4,32)
v2<-c(3,4,3,24,5,3,2,532)
v1+v2
v1>v2
v3<-c(3,4,32,4)
v4<-c(34,344,24,5,56,543,234,22)
v3+v4
rep(5:6,each=7)
