v1<-c(23,456,332,456,22,45)
v2<-rep(v1,2)
v1[1]
v1[-1]
v1[c(1,2,4,7)]
v1[c(-1,-3,-4)]
v1[c(-1,-3,-4)]
